1
2
3
1
3
3
6
8
4
9
3
3
7
12
14
11
13
15
14
11
12
4
8
2
19
7
14
14
5
4
18
19
24
14
15
20
2
8
30
34
29
6
37
33
20
22
37
31
23
17
5
49
34
18
30
35
52
35
19
45
32
38
16
54
13
18
56
61
20
64
56
70
15
64
32
37
42
28
24
76
25
48
83
19
15
40
26
57
72
58
35
92
47
28
63
46
72
95
15
36
70
102
53
54
42
5
90
43
62
85
52
17
76
71
85
15
58
34
99
86
85
93
50
24
96
94
12
29
87
123
45
99
7
79
16
50
29
102
95
88
85
45
22
44
123
80
76
67
76
80
58
131
140
117
5
120
8
110
135
16
6
137
80
12
139
162
147
33
130
83
45
135
52
41
38
65
90
93
54
59
173
53
162
49
98
21
45
119
72
72
173
83
76
78
39
44
65
85
158
170
22
156
182
49
43
116
128
86
2
205
58
68
48
151
213
127
163
199
86
208
44
28
111
198
32
40
31
165
209
214
159
83
1
203
223
36
145
86
224
108
175
212
139
108
1
3
71
214
1
142
224
104
65
235
123
210
167
100
66
15
213
185
80
229
41
15
248
162
92
256
28
231
165
54
189
77
174
175
112
46
120
280
61
228
193
63
127
269
41
10
204
16
26
246
170
209
135
63
299
94
162
51
74
229
141
145
85
43
94
118
254
184
204
109
148
311
171
164
284
150
36
201
22
177
118
14
138
19
29
241
262
216
185
317
122
124
331
44
126
232
239
294
120
209
253
138
161
289
23
39
259
136
265
30
256
196
127
122
287
188
170
101
273
137
106
54
362
45
251
116
353
255
325
238
179
139
174
137
270
211
29
177
150
369
212
182
79
184
358
326
132
21
212
232
14
349
131
147
306
177
355
389
127
365
170
392
243
85
47
378
46
236
169
406
12
285
136
233
260
258
346
224
73
300
162
251
23
138
160
112
327
104
19
340
4
87
65
394
19
221
386
391
141
333
299
175
2
217
23
129
269
383
12
199
388
326
210
245
446
181
374
35
403
29
464
137
163
300
450
370
224
6
24
358
51
154
471
426
231
226
51
149
105
224
124
449
86
206
16
267
250
22
135
311
124
5
164
209
25
336
